"[-40.3     -40.26789 -40.26411 -40.28287 -40.29094 -40.27655 -40.27794
 -40.28329 -40.25758 -40.30532 -40.28012 -40.28644 -40.27219 -40.25333
 -40.27516 -40.27508 -40.28921 -40.29014 -40.28111 -40.28353 -40.27157
 -40.25693 -40.27652 -40.26333 -40.27516 -40.28318 -40.28046 -40.29785
 -40.26556 -40.28271 -40.26703 -40.28307 -40.292   -40.27507 -40.28289
 -40.27783 -40.27918 -40.27048 -40.26408 -40.26262 -40.26942 -40.2696
 -40.30008 -40.30708 -40.26331 -40.27633 -40.2881  -40.2959  -40.288
 -40.28189 -40.3    ]","[-43.85645 -43.89914 -43.92197 -44.1215  -44.09915 -44.15429 -44.32705
 -44.60217 -44.65198 -44.66381 -45.70047 -45.7356  -46.19914 -46.39552
 -47.19494 -47.23374 -48.29157 -49.31121 -48.11046 -49.15869 -49.48402
 -50.63288 -52.92651 -53.27146 -61.00191 -60.97315 -60.37691 -59.19935
 -55.73939 -54.89116 -52.01298 -50.86535 -49.95456 -49.56025 -48.264
 -48.07631 -47.10537 -46.83713 -46.11872 -46.33721 -45.83876 -45.34449
 -44.98988 -44.7575  -44.6497  -44.49937 -44.28596 -44.09885 -44.18926
 -43.87551 -43.88421]"
