"[-40.3     -40.27254 -40.26676 -40.26854 -40.25669 -40.25734 -40.25123
 -40.27979 -40.25875 -40.29346 -40.27412 -40.26736 -40.28178 -40.29112
 -40.26116 -40.28499 -40.24635 -40.27821 -40.26524 -40.29612 -40.27404
 -40.27996 -40.29321 -40.26107 -40.25522 -40.26855 -40.25955 -40.30619
 -40.27237 -40.26783 -40.29112 -40.27813 -40.2518  -40.27356 -40.27001
 -40.27372 -40.26292 -40.25708 -40.27481 -40.27721 -40.29358 -40.25824
 -40.27092 -40.26024 -40.25872 -40.28015 -40.2692  -40.28452 -40.28173
 -40.27954 -40.3    ]","[-43.39781 -43.50627 -43.53201 -43.70883 -43.67349 -43.87405 -43.92607
 -44.03287 -44.23079 -44.26414 -45.06973 -45.42058 -45.6217  -46.25085
 -46.22348 -47.39929 -47.71478 -48.63193 -47.88599 -48.63938 -49.54725
 -51.5528  -52.66174 -55.2735  -55.39989 -58.92567 -57.95812 -60.68924
 -57.64271 -52.31702 -52.26093 -49.56248 -50.2688  -49.37087 -48.20091
 -47.2655  -47.27528 -46.71364 -45.90355 -45.26085 -45.18615 -45.17256
 -44.80963 -44.69642 -44.30459 -43.9539  -44.00648 -43.88172 -43.81149
 -43.65581 -43.63792]"
