"[-40.3     -40.27965 -40.30173 -40.25463 -40.25734 -40.27431 -40.26527
 -40.27761 -40.27808 -40.25829 -40.26368 -40.25624 -40.2497  -40.25347
 -40.2696  -40.25688 -40.27334 -40.26884 -40.25431 -40.25199 -40.26502
 -40.27084 -40.25585 -40.24949 -40.29617 -40.26788 -40.2384  -40.25328
 -40.26154 -40.25446 -40.26355 -40.25846 -40.25307 -40.26512 -40.25648
 -40.27313 -40.25712 -40.26911 -40.26334 -40.25593 -40.26287 -40.26564
 -40.26834 -40.25561 -40.28848 -40.25568 -40.28616 -40.3025  -40.26041
 -40.27594 -40.3    ]","[-43.16441 -43.17337 -43.2723  -43.28381 -43.46833 -43.62107 -43.70364
 -43.73177 -43.93877 -43.93171 -44.76754 -45.17696 -45.3121  -45.65579
 -46.64886 -46.66497 -47.21753 -47.65925 -47.78917 -48.10114 -49.35679
 -49.61625 -51.12852 -52.71133 -62.90562 -62.19418 -57.14039 -60.22857
 -53.65642 -52.50225 -50.44074 -50.42545 -50.09193 -48.67547 -48.12506
 -47.00717 -46.56157 -45.87112 -45.72489 -45.43454 -44.95353 -44.50965
 -44.59173 -43.9516  -43.8934  -43.92476 -43.6167  -43.55196 -43.53457
 -43.3413  -43.20511]"
